FWHM x Cost HF_up HF_down
3.539 12.523 100.000 95.0
2.956 8.740 105.000 95.0
3.458 11.958 100.000 99.8
4.631 21.445 101.250 96.2
3.216 10.345 102.500 97.4
6.407 41.043 102.500 95.0
1.968 3.872 105.000 97.4
1.650 2.722 106.250 98.6
1.796 3.226 108.750 96.2
0.567 0.321 110.000 99.8
0.643 0.414 112.500 102.1
2.307 5.323 107.500 102.1
1.272 1.617 108.438 97.7
0.589 0.347 112.188 98.9
0.519 0.270 113.750 100.9
0.638 0.407 116.406 102.6
0.525 0.276 111.562 101.8
0.827 0.684 115.312 103.0
0.602 0.362 111.328 100.6
0.562 0.316 111.875 100.3
1.897 3.597 112.969 99.9
2.484 6.171 112.891 100.3
0.570 0.325 112.812 100.6
0.545 0.297 113.203 101.2
0.560 0.314 114.141 101.5
0.524 0.274 113.809 101.3
0.551 0.303 114.355 101.0
0.524 0.274 113.491 101.1
0.528 0.278 113.433 100.8
0.532 0.283 113.715 101.1
0.535 0.286 113.621 101.0
0.529 0.280 113.779 101.1
0.566 0.321 113.909 101.0
0.550 0.303 113.693 101.0
0.586 0.343 113.765 101.0
