FWHM z Cost HF_up HF_down
3.791 14.374 225.000 210.0
3.414 11.653 236.250 210.0
4.292 18.421 225.000 220.5
2.747 7.545 236.250 199.5
2.446 5.985 241.875 189.0
2.574 6.627 253.125 189.0
1.840 3.384 258.750 168.0
2.223 4.941 270.000 147.0
1.876 3.519 247.500 168.0
2.173 4.724 264.375 147.0
2.015 4.059 258.750 157.5
2.092 4.377 247.500 178.5
2.054 4.220 255.938 162.8
2.011 4.045 253.125 168.0
2.248 5.052 258.750 162.8
2.204 4.860 253.125 173.2
2.204 4.857 254.531 170.6
2.168 4.700 257.344 165.4
2.155 4.642 256.641 166.7
1.564 2.446 255.234 169.3
1.759 3.094 254.531 170.6
0.735 0.540 260.859 169.3
1.483 2.200 264.727 170.0
1.575 2.481 257.344 170.6
1.652 2.729 257.695 170.0
1.583 2.507 258.047 169.3
1.938 3.754 259.805 168.7
1.928 3.718 259.102 170.0
1.913 3.660 259.277 169.6
1.849 3.418 259.629 169.0
1.722 2.967 259.541 169.1
